52961
47091
35671
54501
12226
45025
48511
52923
42695
53430
51712
53796
53038
49797
54350
48610
52354
51885
54344
42718
54127
36605
53757
17503
33712
53321
28604
25047
51174
49219
38005
52232
37118
45649
46001
53283
53533
46934
53934
54094
42697
40354
53608
34472
49696
54589
54493
47092
39184
49517
53122
54638
51713
47090
38425
51349
51843
26368
42719
51284
54477
48133
25709
25781
54351
43816
36546
46579
28603
48513
49482
51169
42099
47502
36316
17502
52036
42257
54538
49623
52472
17364
38703
53593
42696
54540
53329
32274
49827
53018
27225
47491
54255
54304
52171
49313
54478
31906
48234
52334
53861
54310
53356
51189
54481
49458
30984
51350
17243
52152
53642
49706
52289
48585
45690
48583
53726
52018
42699
47055
53079
17339
53478
53346
51435
47499
49271
42972
49349
53371
49659
25409
53993
31907
54479
53021
54016
45220
45906
51508
54064
54349
49930
51886
54232
49707
52516
17242
52288
51609
54458
49461
17689
52336
36916
53168
54480
49459
45693
47673
17338
18309
54007
52824
54542
47104
38784
52235
52715
42723
50321
53286
54313
51173
